0
2130
900
2688
1477
2438
2505
1706
1186
786
222
206
898
1114
2628
1617
1722
1756
1747
2363
2610
2399
2411
1248
2510
576
1496
1234
906
1783
1760
203
134
1572
511
1985
70
1832
2387
2511
171
2495
1787
1439
2613
2714
1927
1928
860
332
990
2508
989
1900
1353
2590
792
2341
1340
1172
762
2713
2614
1078
296
179
119
219
7
768
1705
1079
2345
2183
2213
1224
1046
1362
1868
1409
1217
1187
2649
2638
988
2654
2420
1493
213
1216
1297
2513
557
2311
2623
1226
2694
1724
1220
654
2276
2215
2660
2661
98
2579
1118
648
2076
2118
655
929
1660
520
1424
2473
1887
1519
1871
2272
1665
626
375
2608
880
2381
2604
2036
2622
2349
1164
300
1018
1996
1174
1931
176
963
1090
1955
1272
1543
1998
542
2344
1575
184
83
2589
522
1158
1577
2709
109
2314
1001
2128
2129
2523
1185
1960
1033
1673
551
1367
1513
969
2722
558
822
2059
246
1699
2056
854
764
1219
1382
897
1364
2699
1511
1414
205
1207
227
981
1317
954
582
2636
1865
1500
2640
1501
869
1667
1801
2364
354
168
267
1173
2176
915
914
13
1675
1850
1195
866
591
1981
783
1794
1694
76
1488
1421
2520
578
1331
1498
2278
530
529
2034
583
1674
1803
1275
1795
1970
1668
1264
2415
957
2494
2031
1612
575
1032
1640
244
2545
1471
1196
867
1524
777
1
976
1997
1676
1851
1209
1890
930
286
863
303
975
824
1034
1993
1812
364
5
1181
1636
386
305
1695
799
2624
2543
1268
2057
1672
1669
2550
1847
2664
1802
2197
378
804
1169
1491
90
247
1180
2027
329
2427
1677
1807
231
883
256
2396
1831
2182
1671
1398
1089
2160
1827
68
313
856
240
1895
1394
2042
1108
1805
541
1147
1283
1646
2088
2733
2075
1894
1465
607
1096
283
1590
878
843
1730
1502
573
1391
1333
2565
2353
680
1729
461
922
281
2299
289
347
2576
1490
37
111
1633
436
2446
108
345
1284
665
2443
2405
2568
751
1085
1468
1824
1261
380
921
16
720
1911
236
2564
1101
1289
467
143
196
1455
814
1125
891
1751
468
41
2141
1269
2139
2432
1653
2329
294
905
670
1634
1434
1411
1371
177
318
404
291
1452
765
736
1023
1457
443
492
2410
2079
2090
185
691
1441
697
694
739
2253
1621
1631
2259
1770
2081
135
275
2367
2237
1352
367
2533
2064
2551
983
2587
1517
2465
743
1319
2063
389
1733
1884
73
678
2143
1444
277
676
1243
187
408
809
831
2378
2250
464
2041
1583
1454
1595
1458
462
1410
317
431
432
1891
1909
669
2029
1570
2296
2104
104
74
664
25
26
1923
2112
1292
2484
27
723
2114
1327
65
279
1924
1415
1999
810
51
2567
947
48
1080
658
2684
1929
544
2257
560
476
1430
465
84
2242
698
787
2244
652
699
950
1561
1141
1916
142
1683
2159
1010
130
1719
749
1061
916
1977
178
38
616
2252
2678
1020
2470
1122
2444
1644
681
685
912
446
447
445
2681
937
117
2039
2258
539
161
418
599
2407
430
45
859
356
1152
186
1939
1986
651
2347
481
1512
1552
2247
116
705
1429
2023
229
2101
139
1068
422
2548
1002
2485
1840
997
1011
1070
146
2009
276
595
1557
2397
2710
1991
986
2519
1166
562
1265
1372
1626
210
285
1623
1686
2571
726
729
727
728
95
1974
1048
1899
2218
773
1614
1240
1684
992
944
659
1947
2542
1396
2597
978
441
2321
2322
152
1007
402
1882
534
2428
1016
608
2594
1870
455
2234
2679
1761
1681
731
721
2385
816
1407
1587
2316
1905
2113
1124
833
1357
243
124
1522
650
1190
1607
2315
1150
2065
1622
265
2380
679
486
1990
994
71
2087
2483
888
2665
2224
684
2469
1153
1854
2634
523
2517
1680
1435
807
2362
1211
2627
2409
965
1059
2430
956
1798
151
1489
334
2051
220
459
209
836
1045
490
1351
763
1315
11
338
2509
1222
1598
471
2383
1918
261
1314
2461
920
472
2327
2556
1881
837
1361
1867
1365
1946
1852
1678
660
586
895
2346
314
1776
1029
1842
815
1670
1099
1799
1716
1818
1817
1131
1132
707
102
1953
1530
973
2394
2069
1347
24
1873
2331
1809
1443
2330
806
1133
1146
1236
1510
2644
1230
2482
1412
1332
1019
1682
911
1715
2372
165
292
419
458
1707
451
1592
1102
416
415
460
2073
780
1515
2354
2458
1449
2110
132
2588
803
1448
469
1281
1282
2000
781
1244
1030
1848
2030
233
2585
1356
1358
1830
1829
466
482
328
774
1405
1069
2325
1711
1586
308
2025
979
565
566
564
1453
668
1556
1291
2287
2318
324
1483
351
643
641
642
943
474
2038
842
627
2236
924
1251
709
2107
230
1528
2417
671
1866
1527
1600
212
1329
1335
162
2235
138
2423
1980
2115
2221
2220
848
2326
2285
543
2333
238
1948
232
1376
2334
832
1450
907
463
217
2337
1926
417
2538
2499
491
2156
327
625
397
710
2013
440
1300
1594
387
609
1336
1593
395
1618
1619
893
892
2093
2382
1934
2582
153
245
1982
43
708
1299
1267
1603
1129
1651
2297
2241
828
1271
732
2683
1128
1126
974
2066
695
1616
925
926
785
1149
17
2466
827
237
1813
2264
239
753
617
853
509
2072
248
2245
663
2595
784
1767
940
941
939
996
254
2583
667
666
1091
752
554
53
531
330
2240
2152
57
1625
690
454
2033
1765
2291
2020
2498
2246
808
22
955
1540
682
686
1539
2632
140
163
2547
1134
2652
532
677
322
323
1992
2109
1861
1442
2422
2502
747
1051
1908
1472
706
1067
2552
434
2471
1325
611
917
105
1984
406
903
2600
1388
2232
494
1968
2377
2445
50
1433
735
1856
1748
674
1721
394
1656
1804
834
1915
771
945
761
1404
1403
1065
188
1581
1880
1810
1650
2518
1255
403
1632
29
2007
456
864
1754
128
2486
2389
2144
320
452
1920
2290
125
1930
274
1523
251
2647
1290
1752
2480
1759
2440
2379
1486
1712
798
538
2401
2022
1479
1478
548
661
1464
740
1710
1878
470
1874
484
96
1387
2403
2478
426
2086
718
321
126
1922
818
369
479
1237
2001
717
1426
166
1580
1425
1582
2102
127
2002
2457
2142
1596
1958
746
725
401
2248
2146
2451
2103
1888
2116
2453
2111
1537
2460
2497
737
2019
326
368
1886
1547
908
1140
2412
1191
2549
692
1259
1959
797
1602
412
489
1378
1151
823
2324
2441
1416
1910
1337
714
1893
829
1245
1064
1063
2448
953
1735
2067
396
2320
826
1648
2233
1060
420
1688
1599
393
392
360
1647
92
64
1428
86
1276
1112
1963
331
1111
2464
2467
1350
1627
264
409
410
847
2319
1334
756
1482
999
1605
890
1630
742
590
60
741
453
715
1914
1937
2323
167
952
2055
2559
2402
423
391
58
1933
366
1041
1148
2621
874
2295
2646
614
2082
2374
750
1811
1469
255
1004
1257
635
748
2054
1241
1084
362
1323
2024
266
1279
1481
2433
712
759
141
1889
2643
340
384
2037
1935
287
259
844
2263
1940
150
2532
1950
2336
2376
94
194
865
1087
1253
2365
2366
428
155
1313
1154
612
985
613
1474
1475
1432
1708
1584
1098
1545
437
1726
78
1717
776
319
1944
1942
1943
813
100
258
2106
649
734
1238
1862
2573
444
2570
547
592
2635
1601
1769
46
47
2014
103
1052
675
87
628
260
99
131
1456
1941
980
1606
2335
894
325
1058
2070
2575
1936
704
1137
477
789
154
2310
2449
948
2447
1907
927
211
2631
390
349
2574
156
1516
2413
1628
1591
1159
1734
636
1951
129
639
1864
2560
1100
634
1213
546
657
640
1301
1732
2302
2077
966
1917
312
1844
631
107
958
1563
2167
2729
928
500
2435
1110
1823
2340
1171
1179
199
2527
2047
1199
1235
1588
39
2061
54
67
510
2089
1976
2726
1731
646
1418
1419
2134
2697
2186
1056
2198
1480
2500
568
1330
1835
224
1613
1877
593
795
2669
2668
61
2562
2170
2165
2537
1467
508
2667
835
825
1423
1762
2725
1744
2629
1789
1773
159
1092
1233
1009
877
249
1466
2620
1287
3
2016
190
1223
226
512
1109
600
1157
1119
1741
2053
2012
225
801
1053
1788
2617
1902
1274
1273
242
2723
2658
596
357
272
2177
1106
2711
1043
1076
144
2569
1544
2641
2504
524
1177
2674
1017
1701
549
1380
2615
1979
1912
2581
1925
1227
2618
2489
1790
1978
1375
1906
1054
793
1121
2214
2476
2675
377
2431
2270
572
2721
106
297
2673
1779
1704
1383
2609
2225
2180
1956
1872
2288
2133
1447
2223
2650
1554
1304
2229
2275
1781
353
495
1197
2496
1703
2602
257
2392
2724
1499
1072
2262
647
1837
2690
800
2612
2015
2704
182
570
1103
1205
333
2605
2693
918
1218
2370
1341
2730
1215
571
1892
69
1548
2343
2137
2050
136
1901
1402
1903
1692
2512
2204
123
1503
2707
2477
502
1876
85
1659
579
2521
1521
2122
2708
2731
1532
1310
1270
1611
316
1641
118
526
1504
169
1863
2199
1666
2728
1638
2168
2166
2044
2005
2282
2421
584
1303
1775
1021
1008
1983
310
383
2719
2493
1328
2195
158
1777
2227
1107
2558
1294
621
1828
623
1531
622
1698
881
504
1182
968
2
2671
2164
77
1664
1841
1709
1494
1679
1343
507
1696
2524
858
2686
63
2503
2226
1105
2126
1768
782
1846
812
2692
501
1661
971
2200
1345
2206
1859
653
346
1662
1792
1551
2174
630
811
2720
868
2194
2269
1797
2201
1095
525
133
2123
1782
796
819
1514
1013
513
779
1295
778
2162
1778
514
1525
2188
2531
2685
2706
175
1377
1250
2619
1476
2616
2151
2125
1160
1849
2391
2626
2132
794
1037
4
615
2598
505
1104
1755
1342
2306
20
964
638
2185
2546
2309
2202
2217
183
861
2700
1972
1204
363
1578
1529
1808
1484
120
1509
1608
2633
987
1541
1833
62
506
2172
122
1567
1463
2161
1793
1437
1368
1806
1349
1932
1022
1693
2124
972
10
2648
1025
1228
160
2060
2267
2304
2342
597
2593
307
2049
298
2307
961
959
1302
1047
2702
610
2592
585
1038
1635
290
2184
556
1366
1082
269
2516
309
516
302
200
1624
567
1212
2526
1969
2058
2539
1487
253
2645
2358
1167
1954
1390
2268
371
1293
503
855
910
2530
195
2208
1702
2515
2426
1495
496
2173
2209
1178
2273
2158
1564
581
485
1381
2698
207
79
301
2283
2028
1857
1771
2189
1312
2205
754
2192
1836
587
1869
174
193
273
960
991
1189
1298
820
1745
2501
2361
757
2434
252
550
2211
1460
605
1083
2271
1883
344
977
2479
1116
946
2584
342
2578
1750
1897
2442
1355
1796
157
343
438
2386
1308
899
374
1088
1401
172
2048
552
1363
31
1989
561
2212
2490
1115
528
201
758
1144
1254
1206
1574
42
2071
365
716
2388
2127
2601
2284
1505
2662
181
1094
1697
857
355
882
1520
2732
379
59
1535
1249
580
2136
1036
1168
2260
202
2689
536
1354
1161
1162
1192
350
2135
2639
2663
1961
358
598
1344
1210
1772
1742
2179
352
2193
1994
1055
2670
1559
1497
1492
1379
2676
1163
637
1536
121
2591
1962
1913
1385
967
1074
1075
2715
1015
1014
2279
1183
2255
198
2138
993
2637
2277
1225
2703
2393
208
1005
1232
1184
821
875
2655
2492
2021
2120
2175
2491
2606
1035
1995
228
521
2651
1221
2599
28
2190
938
1231
2717
775
2727
767
2390
299
1420
1800
1188
1193
1576
1853
517
2119
2313
370
901
2642
904
2418
89
545
1820
2529
2544
216
110
2371
1763
1322
304
23
411
2149
2424
268
687
2459
2474
55
2557
1097
2348
40
33
1764
703
995
442
606
114
1718
1057
2068
1135
2682
2092
1654
733
588
2572
2145
2355
2231
12
1952
2312
1562
2522
1855
1318
280
439
1737
306
295
1645
1427
2425
2238
845
2147
559
2360
284
1838
197
2298
1028
2450
56
1919
633
2350
288
1839
2148
1139
872
873
1597
805
2084
2352
1373
2514
1558
1348
2507
2010
1277
30
1389
52
1044
1585
701
700
702
429
1117
1691
574
2035
1689
1896
2462
1843
2286
2439
1568
400
2437
662
335
1360
540
919
1142
1727
683
744
1176
1739
473
2339
1826
1286
1003
2062
1825
2680
2454
1040
713
112
235
2506
2419
2018
1579
688
1026
1260
1975
1921
263
1278
1757
2563
1145
270
1555
766
604
862
1194
1546
359
1143
1814
1316
849
204
2216
519
2566
2463
601
1988
2289
2303
1113
221
1397
772
840
457
315
1485
311
336
1549
839
2117
618
2541
2540
2373
1406
533
1652
1127
624
2630
1655
2108
493
2677
1658
341
2251
15
450
1305
435
602
913
14
1569
2140
1875
951
2150
373
1093
115
1039
2535
1451
2534
931
1766
1138
2006
2586
1326
871
381
2301
1560
113
1473
1657
35
719
935
870
137
2043
1461
1027
1459
1247
164
1024
1821
619
2305
405
1288
2099
34
2351
1973
1571
745
348
2429
2074
942
75
2228
1338
1736
1136
215
1815
2083
2281
851
1685
909
1393
2375
850
2085
1339
1967
2097
1155
563
1417
1518
82
2292
427
1252
696
414
711
2096
1258
1639
984
478
97
1321
537
1120
1130
1320
2308
2032
2094
189
2357
2098
644
388
407
2398
889
885
886
884
1062
2052
2472
49
1714
2317
962
72
293
2368
91
1725
1470
2356
1042
1049
2455
2561
149
1392
214
1422
1728
1395
2300
1066
1620
2625
1649
2105
535
1738
1438
2404
1446
846
339
1346
66
722
145
2384
2553
838
2436
1885
1966
192
1440
223
2536
673
385
594
376
2008
982
36
1550
2131
1445
1386
1987
382
2328
475
2095
180
830
1359
421
1604
241
2294
337
2266
44
1242
2280
1949
425
1690
2603
620
1239
1400
934
1246
2254
738
2249
2004
2274
841
413
282
2121
2338
1369
2243
730
399
480
1081
1589
424
902
689
2153
1615
2406
2408
1713
2656
672
876
101
1050
2659
2359
887
1507
433
2078
1643
262
2154
2046
1285
645
2481
2080
488
2040
933
1262
2369
2456
2239
1506
2003
879
2452
1642
896
1945
93
88
1542
2293
2416
932
936
2256
2091
2468
802
949
2219
1687
1816
1431
1071
372
1746
1256
2657
693
1749
790
1324
518
278
1758
1858
2554
1822
1538
788
970
791
817
724
2332
1384
755
2157
148
852
1879
234
1965
1964
1938
1753
2100
998
1904
589
1508
1774
2555
1086
1637
1845
2712
1012
2596
1663
577
603
760
499
2203
515
2169
21
553
1462
2666
656
2222
1200
629
1780
1309
1170
147
271
81
2701
2528
2026
2716
1408
2475
1533
923
191
2395
1791
569
2191
2196
2178
2577
2580
18
1436
1553
1566
2155
1740
170
2181
1201
6
1165
8
2653
1006
2525
2045
2414
2695
9
2230
1123
2400
2163
2207
361
2187
80
1784
1399
1214
487
1786
1031
1280
2611
1202
1203
1957
1370
2696
555
1565
2687
1307
1175
173
527
1156
1785
1263
1834
1700
1374
32
1743
1306
1073
497
19
498
1208
2210
2705
2487
632
1198
1077
2261
1860
2718
218
769
2691
2607
770
483
1296
2017
2171
1311
1609
1526
1971
1629
1413
1000
1573
398
1819
1720
1229
1266
1610
449
448
1898
250
2488
1723
1534
2672
2265
2011
